1.23  2.75 
-0.32  2.67 
-0.78  3.92 
 1.48  3.50 
 2.44  2.61 
 3.64  1.72 
 3.25  0.10 
 0.79 -0.40 
-0.44 -1.43 
-2.44 -1.55 
-2.58 -0.25 
 1.20  0.28 
 5.63  0.21 
 6.71  0.75 
 6.46  0.73 
 3.24 -1.54 
-1.80 -0.58 
-0.17  0.68 
 2.19  0.75 
 3.90  1.72 
 4.11  2.49 
 4.61  3.67 
 6.08  3.88 
 7.06  5.80 
 8.83  6.55 
10.19  8.02 
13.18  6.75 
11.10  7.72 
 9.08  6.76 
 6.59  6.48 
 3.98  6.51 
 3.36  7.38 
 4.36  6.20 
 3.79  4.36 
 1.41  3.48 
 1.83  4.09 
 3.74  4.25 
 5.21  5.53 
 7.74  6.34 
 9.81  6.17 
10.29  5.50 
 9.30  5.89 
 8.96  5.87 
 6.15  7.40 
 7.51  8.53 
 7.97 10.00 
13.34  9.12 
15.06  8.58 
14.98 10.27 
14.67 10.00 
13.00 10.64 
11.41 11.07 
11.53 11.05 