A1	A2	A3	A4	A5	A6	A7	A8
670.688	100	140.305	67.531	68.688	210.917	126.517	432.134
702.156	88.559	134.797	62.31	68.474	204.709	121.946	433.196
671.022	83.281	135.821	63.574	66.374	221.895	126.104	438.351
662.164	80.593	132.363	61.33	64.052	223.689	127.527	439.629
678.256	73.265	137.853	61.253	65.629	224.827	128.93	444.716
583.515	61.688	133.16	67.006	66.523	225.959	131.46	452.006
531.005	58.362	127.326	68.453	67.093	220.085	132.449	456.541
570.011	59.688	129.696	67.967	67.829	207.454	130.997	458.148
523.87	63.613	131.492	66.358	69.809	205.501	132.473	456.564
453.641	66.611	131.246	62.879	69.278	198.825	122.726	454.422
497.079	67.77	127.074	63.795	70.758	194.091	124.936	465.804
545.115	70.058	123.916	65.418	70.172	184.622	121.305	465.891
493.067	67.817	124.062	67.912	72.674	191.919	125.546	471.588
523.148	65.193	130.895	65.667	72.833	189.353	130.148	475.424
492.219	59.233	130.897	64.936	72.816	193.565	133.612	478.749
532.759	53.041	126.33	64.363	73.684	195.808	131.867	474.85
588.602	51.322	117.791	60.642	72.254	205.494	136.801	482.933
632.277	55.184	119.772	62.962	73.91	217.925	142.992	489.592
644.307	56.971	118.547	67.355	72.186	216.905	147.709	494.325
640.434	61.573	122.636	69.601	71.254	214.3	139.408	488.53
617.605	69.608	119.471	70.225	73.7	208.556	145.853	497.746
619.569	67.828	123.935	70.341	72.633	208.286	144.005	502.086
585.492	69.394	122.89	70.427	73.079	206.994	145.102	501.365
593.278	73.043	122.02	69.873	72.371	202.913	144.517	506.077
570.201	82.379	120.759	70.037	72.341	213.893	146.478	519.854
571.848	96.863	118.063	69.359	71.994	205.967	144.905	512.634
613.21	120.834	115.209	69.524	72.028	210.075	146.933	521.981
619.571	111.162	120.618	72.015	73.325	216.389	153.504	528.653
596.005	104.692	124.345	71.406	72.863	211.473	151.283	521.494
592.547	100.142	124.68	72.725	72.908	220.968	155.305	532.594
632.637	91.603	122.833	74.998	72.43	226.912	158.842	526.155
630.854	86.722	122.456	73.996	69.537	228.513	156.564	525.963
630.068	78.815	122.287	72.714	67.923	223.228	152.816	526.859
645.805	82.451	119.467	70.856	66.329	221.667	152.881	524.865
637.982	87.809	117.952	68.495	66.862	214.833	149.917	528.691
647.094	90.25	116.888	70.36	66.573	219.718	150.737	536.024
681.035	89.261	111.857	69.534	66.66	219.945	152.585	548.785
659.333	86.312	113.335	66.984	69.953	219.957	154.075	549.071
652.461	79.78	114.228	65.454	69.521	211.139	148.614	552.619
631.869	64.978	118.321	65.332	69.866	209.514	146.671	550.125
635.639	66.648	116.073	64.249	69.339	206.982	145.879	550.498
652.195	70.812	109.798	64.105	70.074	201.437	147.582	558.511
592.766	69.73	107.971	61.24	69.023	198.783	143.308	546.229
592.443	57.472	110.734	59.761	68.785	204.106	145.193	558.199
564.308	63.707	105.266	55.702	68.102	197.814	147.013	562.828
570.016	63.874	99.083	52.352	67.707	198.299	150.368	566.295
562.255	65.894	96.025	55.568	67.285	196.052	156.186	566.751
591.935	65.19	96.202	57.067	66.355	190.614	155.437	573.394
585.909	68.203	98.885	55.202	66.316	196.925	156.585	583.323
566.024	70.173	97.629	53.837	66.754	199.051	157.344	583.065
586.199	71.24	99.363	53.5	67.23	201.032	161.651	575.568
578.125	71.999	98.833	54.358	68.372	208.354	161.019	579.734
619.678	71.999	96.043	63.981	70.262	209.506	165.302	583.509
635.813	81.483	94.077	62.627	72.783	207.077	164.387	569.529
645.644	76.433	90.674	64.248	73.309	212.887	164.425	574.419
651.894	72	87.581	61.839	73.441	214.502	164.064	582.644
715.611	75.334	95.13	63.145	76.357	222.52	163.568	603.01
699.201	73.294	103.714	64.447	74.689	224.891	161.335	619.121
676.184	70.616	106.39	65.414	75.613	211.305	168.005	615.771
687.847	66.98	107.087	65.584	77.496	207.34	173.787	622.714
661.881	64.063	110.315	64.442	75.88	215.472	173.79	606.038
615.728	63.971	109.936	63.654	75.504	215.823	166.149	618.864
626.537	62.694	108.419	61.437	76.874	208.089	165.601	606.499
644.664	66.288	105.446	62.212	76.366	210.353	169.719	614.332
635.134	68.937	110.089	61.567	77.655	203.399	169.483	614.504
638.476	75.567	113.447	62.035	77.605	211.021	173.083	621.169
634.862	79.432	114.532	60.048	76.613	214.456	170.566	596.687
635.034	83.528	123.015	57.996	76.846	217.84	174.382	609.962
640.469	96.988	124.495	56.866	75.22	234.478	177.945	617.851
639.787	96.171	122.713	60.523	75.606	235.703	175.781	609.411
665.289	102.26	118.529	58.432	75.484	232.642	173.956	610.314
677.321	100.385	121.716	58.292	76.421	232.05	174.075	629.602
683.735	123.367	118.284	59.432	77.601	232.451	177.165	640.037
690.596	131.549	119.053	60.629	78.713	231.144	175.754	637.028
671.933	127.928	124.567	59.567	77.626	231.574	176.912	638.661
683.036	135.05	130.704	61.222	79.826	228.669	180.114	634.789
729.383	166.123	126.705	61.571	80.853	235.565	180.38	629.048
723.947	187.101	123.038	61.354	82.644	231.712	181.334	635.631
744.37	200.671	121.655	61.073	81.939	234.863	182.181	639.006
759.617	148.476	118.953	59.403	80.955	230.291	178.023	613.025
749.229	149.552	120.24	60.585	83.172	221.631	175.777	611.987
707.747	133.009	114.2	59.976	83.759	214.351	175.194	600.347
738.935	151.223	112.579	59.251	83.391	218.924	176.312	618.219
728	157.315	111.596	60.144	84.038	216.656	177.279	630.038
738.938	168.169	107.184	60.613	83.837	215.677	175.781	629.28
721.65	168.071	108.356	61.958	85.18	217.247	176.767	637.357
727.11	171.461	110.099	58.705	86.436	215.525	177.6	625.698
731.283	162.419	110.1	58.273	87.183	208.449	173.388	617.61
742.803	160.825	105.209	57.556	85.946	209.491	173.879	638.869
753.7	159.5	104.54	57.467	85.498	213.321	176.357	650.554
744.153	149.749	101.894	57.894	84.187	220.293	181.454	652.99
761.361	149.186	96.505	59.194	85.061	229.497	181.743	659.827
763.384	171.508	98.768	59.254	84.995	221.053	181.904	660.112
777.416	157.688	97.284	59.5	84.43	217.704	182.619	673.495
760.825	166.286	101.093	58.616	85.007	218.606	189.791	667.494
767.663	166.769	98.237	56.402	85.299	214.468	186.134	670.235
758.525	171.819	95.263	54.958	87.425	225.576	192.824	692.87
756.174	174.689	97.462	55.397	88.54	229.778	196.622	700.336
758.744	175.107	92.615	60.361	88.5	233.988	198.538	705.758
760.259	171.72	90.072	63.003	86.67	229.642	199.74	717.98
779.735	166.067	87.722	70.414	86.956	228.846	201.58	706.309
755.926	167.053	88.848	70.728	88.126	221.578	201.175	692.861
782.816	168.597	94.644	66.766	89.296	228.444	209.233	709.266
792.152	176.059	95.171	68.515	89.628	229.005	217.818	719.274
794.503	180.951	99.401	75.755	90.941	230.134	216.204	701.556
833.561	229.738	104.768	72.187	96.678	239.291	222.446	719.375
871.599	231.57	105.672	73.753	100.018	261.767	228.78	733.441
869.218	257.396	105.089	71.228	99.15	262.239	222.728	742.807
888.996	249.607	103.668	71.812	99.297	251.587	214.442	749.916
933.503	266.5	104.162	72.768	103.4	256.674	219.421	746.544
976.092	285.176	107.399	70.826	101.014	248.193	216.18	776.518
972.069	301.062	104.942	70.065	101.337	242.86	214.897	767.864
979.416	294.862	110.79	73.924	100.243	232.78	211.24	760.667
1003.185	283.089	118.095	72.823	101.032	232.32	210.189	763.627
1016.595	291.849	113.519	73.784	101.813	229.286	218.495	754.437
992.722	279.228	112.461	72.093	100.126	227.458	212.209	747.627
988.259	267.991	110.563	71.695	102.785	236.184	220.484	738.733
1003.532	255.167	107.069	70.867	99.803	230.447	212.228	716.201
1004.482	267.19	108.238	74.318	98.985	231.745	215.495	723.649
984.766	269.486	110.271	77.358	101.186	239.921	220.62	728.702
1014.604	269.951	114.075	80.434	102.079	235.228	226.71	739.623
1039.996	293.847	113.529	82.182	109.075	237.751	230.985	765.013
1055.175	309.399	112.273	85.036	112.647	239.239	237.805	785.161
1049.038	339.112	112.284	77.137	112.055	244.363	247.697	805.322
1058.214	332.738	110.789	76.933	110.458	244.604	253.883	799.801
1096.65	330.274	112.887	79.475	110.286	238.333	252.825	807.469
1093.628	337.602	115.667	80.37	113.615	236.25	253.086	805.472
1151.641	341.607	121.942	78.133	116.159	243.151	259.811	845.051
1182.755	364.317	124.449	79.608	118.256	255.332	261.243	859.623
1223.524	396.206	125.865	80.926	119.577	260.91	268.752	845.915
1279.817	476.095	130.667	79.073	122.517	263.469	275.065	876.241
1278.702	454.039	131.877	77.42	123.824	266.162	272.181	872.754
1097.521	434.38	125.587	86.11	121.063	278.177	264.66	892.345
1216.431	458.793	128.149	86.962	118.75	278.082	248.518	899.044
1187.426	460.362	131.966	92.254	117.709	269.676	249.538	912.322
1175.664	511.074	134.218	95.829	120.547	267.861	246.55	908.135
1112.968	513.594	131.915	100.36	121.271	262.815	244.543	883.05
1082.294	474.16	122.521	105.315	119.139	262.237	245.347	882.613
1047.016	432.844	117.044	97.401	111.203	260.436	245.305	860.616
1146.236	451.645	120.979	84.438	117.126	270.399	248.576	885.905
1098.687	453.767	120.754	93.029	118.056	269.523	252.636	869.654
1144.824	465.189	116.55	89.08	120.199	286.499	265.983	901.568
1136.761	461.405	119.711	82.927	124.866	301.321	272.857	892.04
1217.658	538.393	117.57	80.888	128.86	289.053	277.714	912.577
1222.809	487.002	122.698	74.524	126.09	286.754	264.447	923.227
1196	499.245	124.105	72.001	124.613	305.546	264.472	909.295
1104.995	488.86	119.642	61.866	122.152	293.343	255.818	907.269
879.017	398.787	114.838	68.015	121.769	280.508	254.972	864.336
866.584	403.602	113	65.523	123.284	288.923	255.386	895.941
854.314	311.711	107.096	61.526	119.573	283.269	246.107	877.121
911.192	358.667	103.552	59.861	122.617	292.654	264.638	917.758
905.017	313.861	102.442	55.704	127.04	285.871	265.798	912.683
953.075	354.634	99.321	61.182	128.87	293.905	275.126	933.857
885.709	324.111	93.824	56.99	125.496	288.36	267.708	915.729
893.167	337.216	100.677	54.515	126.874	301.866	275.877	915.299
943.095	366.276	103.572	52.759	130.249	302.889	269.886	893.788
1004.625	382.434	105.782	53.696	132.871	308.985	272.582	928.912
867.406	350.401	99.558	42.097	134.239	319.64	277.483	915.963
893.128	314.683	95.955	37.974	135.032	320.489	280.354	910.101
882.973	279.078	97.758	39.468	143.28	330.354	294.244	922.318
899.387	267.571	93.394	40.304	143.406	332.168	294.015	944.581
928.343	300.537	97.218	48.717	153.097	351.532	307.264	961.916
965.458	301.742	96.912	48.848	146.117	348.102	302.966	980.909
952.149	309.153	98.241	48.72	150.405	344.956	312.526	984.882
967.721	314.07	103.228	54.605	158.915	350.441	328.528	1004.264
1006.253	339.799	105.124	50.504	162.005	357.96	332.247	989.838
1040.835	348.866	105.171	51.038	169.778	370.238	348.718	1024.708
1063.742	336.324	108.189	52.775	170.24	387.852	354.402	1043.552
1046.687	342.623	110.804	54.596	176.235	417.51	379.469	1053.186
1025.25	317.522	114.5	50.437	180.591	438.436	384.862	1073.497
1038.076	312.631	116.037	51.624	184.893	428.769	398.474	1063.591
1040.694	317.893	117.671	51.628	188.739	441.75	393.679	1061.652
1010.454	336.597	113.974	49.665	187.503	431.918	382.747	1073.34
1002.236	323.745	112.763	47.707	186.796	410.434	385.914	1066.85
957.45	314.327	112.95	45.337	181.25	428.667	382.215	1049.809
921.365	264.25	106.192	44.473	177.886	428.936	383.903	1070.314
859.264	229.373	107.173	44.514	188.861	439.876	397.453	1067.545
843.702	196.366	99.364	40.953	180.978	432.865	391.782	1051.015
874.943	214.089	92.059	40.079	177.193	438.842	396.391	1048.045
809.821	182.023	89.431	34.865	175.859	424.928	382.264	1050.635
812.977	176.666	83.433	38.068	174.209	419.181	377.305	1061.441
790.276	168.842	83.546	36.554	168.992	413.359	390.209	1083.676
841.039	155.985	81.79	34.974	171.582	422.792	395.401	1099.805
863.826	154.974	89.43	33.835	181.514	438.928	404.361	1113.662
918.291	211.795	91.449	32.953	190.556	461.461	418.865	1136.994
876.947	166.798	84.078	29.728	187.167	463.798	413.511	1094.391
881.203	157.257	85.277	28.166	180.946	454.658	416.029	1095.77
779.882	139.768	81.501	24.224	179.516	431.893	399.844	1048.423
725.934	116.038	78.053	23.028	171.304	421.457	383.474	1035.996
645.375	84.516	77.873	23.645	166.967	431.523	384.984	1051.221
558.163	65.634	77.359	19.773	154.761	396.392	325.548	1007.917
490.522	62.507	78.456	24.771	159.924	385.357	333.472	948.282
459.156	59.007	80.757	25.849	159.845	380.37	319.119	947.44
556.665	43.805	80.995	27.716	161.012	373.994	312.176	984.294
558.113	42.189	84.061	30.701	150.37	369.496	322.718	1007.674
537.593	31.221	81.842	29.068	135.392	356.524	297.948	954.161
538.519	37.695	77.168	30.556	142.307	348.612	307.557	928.643
555.459	58.11	76.263	32.283	161.482	382.808	340.506	1011.297
587.218	64.543	75.126	32.161	164.922	388.01	346.618	1042.319
578.899	59.166	75.565	32.07	164.931	387.97	357.337	1049.357
679.597	65.694	76.948	36.089	169.16	405.332	379.145	1096.792
616.158	64.163	78.962	35.412	162.166	398.899	366.629	1079.604
673.414	70.032	78.007	35.659	164.989	414.283	379.187	1116.347
709.375	82.322	73.665	33.947	160.99	437.015	392.269	1152.396
601.256	70.412	74.852	31.276	158.473	422.445	382.329	1116.234
575.303	63.512	78.478	31.345	158.37	429.232	390.241	1129.877
540.768	63.864	75.287	29.799	154.606	431.859	382.529	1143.679
566.418	67.018	77.75	30.139	160.559	450.324	401.296	1190.537
550.538	64.408	80.37	30.36	163.242	466.527	403.068	1196.343
531.094	69.818	90.007	30.597	172.084	497.628	431.868	1236.764
460.612	60.957	86.458	26.312	167.289	449.352	383.905	1181.399
414.461	61.52	89.315	23.12	170.282	450.401	406.432	1200.55
393.294	57.137	89.964	24.717	169.486	442.699	396.218	1233.524
449.329	62.006	86.495	22.917	168.062	434.541	392.273	1214.264
460.004	75.458	89.761	23.945	164.054	425.996	386.24	1218.705
449.901	82.994	90.159	23.284	159.108	425.308	386.513	1205.58
421.328	83.235	86.952	23.669	157.763	436.598	392.654	1216.398
456.759	86.92	97.692	24.299	153.615	427.582	376.718	1217.94
467.181	102.323	99.636	24.291	146.997	449.105	390.953	1268.367
528.125	113.76	99.181	26.8	142.182	455.224	390.185	1287.002
542.861	103.551	97.457	27.607	146.716	444.279	380.536	1262.124
575.127	103.957	100.244	27.225	148.631	448.816	373.727	1267.364
614.117	86.382	92.261	30.151	151.365	454.171	387.884	1317.375
640.565	104.216	94.793	30.537	140.4	440.391	380.427	1296.824
615.374	110.615	90.436	33.159	138.506	435.311	368.062	1330.249
641.694	122.24	88.671	33.373	137.489	434.435	375.564	1312.536
703.023	134.811	99.958	36.098	140.673	441.216	385.95	1301.664
714.625	109.525	108.369	35.123	143.9	425.1	388.418	1333.668
651.098	130.362	106.767	33.266	140.251	426.675	383.225	1309.449
604.385	129.008	100.291	31.627	139.672	411.746	370.439	1253.584
621.389	131.249	107.356	33.788	135.759	412.686	376.281	1271.362
607.178	144.217	105.495	38.903	138.44	416.493	375.879	1273.4
651.916	148.129	107.646	40.2	134.287	409.579	373.977	1308.806
606.03	147.05	107.873	44.104	130.813	410.574	380.198	1283.782
656.521	160.33	109.619	48.302	130.176	404.977	377.632	1349.309
627.795	174.317	114.772	46.709	129.134	411.719	371.957	1361.085
623.936	167.961	121.613	43.284	128.931	410.764	367.6	1374.789
602.484	155.058	122.837	41.835	132.605	398.54	368.541	1329.074
575.599	145.409	120.678	42.229	135.27	382.304	353.834	1307.261
544.279	128.702	121.434	40.302	132.297	384.591	352.406	1280.12
544.449	126.629	119.327	36.882	132.411	388.934	355.144	1263.175
540.358	129.28	124.131	42.07	133.184	391.3	360.762	1286.514
544.783	130.025	130.518	41.884	132.613	401.729	367.235	1329.039
576.813	126.496	126.533	41.162	131.04	396.776	367.571	1282.614
596.747	126.72	127.74	44.581	127.828	405.701	375.011	1311.919
596.833	104.268	125.004	42.678	124.645	399.316	355.502	1283.299
596.681	103.333	131.759	40.705	126.219	405.981	358.962	1244.42
566.904	105.117	129.04	40.195	130.603	405.798	360.303	1245.592
584.212	114.262	138.47	39.156	131.102	410.673	369.776	1280.117
562.865	117.336	135.351	35.892	130.696	394.961	365.22	1247.178
578.448	121.736	133.254	36.608	130.959	390.083	356.364	1248.056
597.471	120.309	122.1	36.797	131.094	390.047	358.913	1304.186
661.246	123.36	127.081	37.404	129.41	391.637	376.159	1323.575
664.527	138.259	127.482	37.344	128.524	397.701	389.045	1340.368
691.395	145.941	126.482	38.231	131.349	400.844	394.923	1380.931
705.045	148.599	131.376	34.819	134.033	404.246	399.055	1380.216
750.791	147.127	132.315	35.179	134.045	407.019	402.066	1375.816
761.683	133.021	134.913	34.109	144.763	431.031	420.989	1384.459
782.483	148.634	133.912	33.944	139.198	436.137	417.182	1398.402
825.714	187.605	143.397	32.291	146.946	453.934	424.264	1437.291
889.491	222.982	148.419	33.378	145.516	459.617	417.281	1442.268
843.301	230.976	158.501	34.747	144.127	431.294	405.807	1370.889
907.284	247.146	158.309	32.687	149.766	449.911	405.595	1426.573
883.002	240.637	161.985	32.126	146.588	450.378	401.472	1418.985
858.357	215.121	168.906	32.071	146.117	446.598	397.972	1373.698
911.103	208.569	178.389	31.564	151.056	465.809	407.928	1398.639
904.511	217.003	198.136	28.332	158.276	480.684	418.217	1383.977
876.028	207.247	219.288	29.544	157.746	484.277	424.606	1350.771
884.399	201.845	200.478	26.445	162.781	492.067	430.09	1320.392
918.789	224.852	195.343	25.333	164.605	500.033	435.244	1350.081
908.802	266.344	190.358	26.401	157.778	500.209	437.087	1362.995
880.833	257.315	170.08	26.508	153.779	477.027	435.546	1420.11
927.995	287.227	175.328	26.05	153.067	464.546	431.805	1493.026
906.675	274.055	174.52	26.587	147.639	457.429	416.227	1455.684
898.079	257.901	176.377	26.672	148.371	455.319	413.659	1468.971
755.175	255.983	170.52	27.89	136.095	445.441	415.468	1411.583
765.773	250.542	153.191	29.279	134.936	433.63	404.089	1401.984
785.597	268.367	146.507	28.93	134.615	418.296	384.999	1428.496
774.267	266.691	146.811	29.208	132.319	430.121	387.26	1372.937
732.77	260.027	125.91	29.237	130.065	428.488	374.16	1372.911
729.967	222.848	122.629	31.384	126.808	429.559	370.504	1395.128
743.149	221.398	120.189	28.408	129.448	430.089	365.825	1342.32
839.594	247.496	130.521	30.892	139.197	454.085	386.188	1403.412
850.088	241.179	138.782	32.481	141.481	466.198	391.414	1416.785
851.994	235.529	142.793	32.584	147.129	473.682	393.731	1428.811
869.058	222.771	141.199	32.044	137.403	451.362	374.326	1405.875
867.148	209.494	141.959	32.995	141.212	464.361	377.388	1398.463
908.396	226.203	146.181	34.051	137.762	477.551	396.657	1409.508
873.008	226.611	143.878	35.15	140.9	479.708	393.778	1441.556
899	230.32	131.939	35.786	141.549	475.483	391.234	1444.453
851.894	230.126	127.297	32.91	137.555	460.742	389.22	1401.026
865.589	249.533	121.477	33.789	135.877	436.626	367.323	1403.395
885.178	262.612	121.568	32.482	134.69	458.992	392.772	1406.672
871.876	263.771	127.108	33.331	134.098	460.693	396.44	1434.91
884.19	283.158	129.952	31.311	133.727	448.314	374.274	1445.778
886.362	274.284	132.03	31.093	135.823	447.569	370.293	1453.345
890.263	262.996	138.597	31.256	130.834	444.654	377.46	1434.635
845.648	240.884	133.541	28.873	130.163	431.666	378.92	1413.761
818.667	206.089	116.511	24.587	131.188	404.65	354.864	1386.744
820.394	228.929	117.551	27.181	130.701	423.25	376.092	1392.795
818.648	226.536	116.866	29.143	128.296	421.447	378.737	1368.112
788.444	212.148	106.337	25.472	121.851	402.788	358.638	1263.684
748.885	232.668	107.036	26.338	114.8	403.624	340.983	1316.26
737.399	218.317	107.317	26.115	116.45	411.969	337.425	1302.791
738.959	217.317	113.854	26.588	121.258	440.187	355.715	1365.484
728.29	195.614	113.355	26.285	117.381	443.623	347.258	1338.728
712.237	195.776	112.643	26.064	114.796	441.209	343.388	1312.216
715.784	182.663	111.418	22.959	115.984	426.167	314.237	1259.01
671.256	151.528	117.026	23.689	118.811	438.263	320.431	1253.096
734.029	180.231	121.448	24.322	121.849	434.645	336.972	1277.275
743.599	143.285	119.913	23.826	122.506	427.47	338.521	1281.494
730.259	150.97	111.793	22.089	125.223	426.702	330.756	1209.711
763.19	155.225	114.547	22.634	127.809	444.844	340.567	1263.034
796.643	157.865	121.23	23.065	131.206	443.737	369.369	1262.982
812.494	177.141	116.171	23.936	135.022	454.217	374.869	1257.258
848.301	188.029	121.963	25.622	133.496	459.667	385.622	1277.854
849.134	195.367	124.473	25.857	133.495	449.364	375.844	1287.099
815.831	182.86	124.953	25.977	135.734	455.985	384.325	1301.232
821.219	177.395	126.714	25.494	130.108	433.801	373.865	1262.436
788.43	188.315	124.136	24.714	127.61	420.826	360.447	1253.992
767.805	165.754	116.611	23.834	124.1	404.759	346.476	1187.938
793.162	166.898	115.136	20.776	129.037	408.241	359.039	1178.166
782.357	188.874	107.537	21.289	128.921	413.094	371.29	1196.665
706.717	177.651	103.058	21.181	119.55	383.739	349.847	1110.481
661.383	175.087	99.538	19.167	115.337	355.196	307.684	1054.448
671.354	168.492	98.777	19.721	115.917	380.369	333.134	1089.12
678.469	164.437	97.209	18.789	119.09	391.265	343.267	1092.28
685.76	172.024	86.098	20.438	119.408	395.197	353.475	1120.732
624.726	170.443	98.411	21.132	119.702	399.545	355.813	1189.636
684.383	183.801	93.735	21.695	114.715	401.155	350.483	1172.978
692.107	188.265	97.665	22.401	116.371	397.24	345.424	1185.883
663.923	198.407	98.34	22.239	113.356	391.958	352.195	1191.911
675.975	208.907	100.516	22.278	112.587	389.382	347.602	1222.552
643.442	204.266	100.98	23.361	106.05	382.818	336.556	1225.119
667.297	221.307	98.188	22.209	103.178	365.836	329.193	1191.158
668.756	214.439	96.572	24.004	101.865	365.51	329.532	1210.365
639.519	213.029	93.171	22.807	99.298	362.392	332.285	1159.043
646.841	230.038	92.919	23.346	95.166	343.292	310.03	1177.154
647.541	211.604	94.547	22.834	96.275	346.37	304.836	1165.982
576.069	207.143	89.939	22.557	95.459	347.43	299.59	1157.854
570.258	195.93	93.607	21.458	93.729	341.627	282.898	1150.175
586.801	190.066	91.087	19.942	97.59	343.738	296.256	1158.71
582.161	196.631	89.025	19.922	98.608	345.227	294.743	1144.329
580.459	192.715	91.138	19.377	99.681	356.708	308.155	1160.193
589.064	191.704	90.627	18.293	98.499	355.945	298.812	1125.419
554.603	190.063	90.494	17.588	99.582	361.147	308.64	1122.048
551.143	201.29	90.881	15.36	98.56	358.482	311.359	1101.391
545.615	200.267	89.279	15.462	96.411	354.039	304.479	1067.885
527.868	201.24	88.208	14.148	94.066	322.148	287.709	1049.704
432.604	183.861	77.918	13.526	85.736	303.893	273.586	1037.904
437.639	173.85	71.223	13.929	89.02	268.714	257.776	934.819
454.247	170.46	76.741	14.839	96.106	292.588	271.395	968.731
430.831	165.02	76.64	15.359	96.788	310.718	278.903	1016.175
453.956	182.444	79.782	15.105	97.244	315.807	277.399	1041.886
465.879	179.204	81.937	14.04	97.075	314.726	286.611	1015.678
484.626	187.248	82.26	15.377	99.141	314.055	288.365	1044.001
483.953	193.196	83.299	15.298	100.136	314.925	286.07	1026.353
538.178	217.348	84.302	15.614	101.158	317.315	303.037	1058.608
529.174	200.215	87.268	16.909	99.265	311.895	303.079	1083.163
549.916	213.741	89.387	16.822	97.035	320.026	300.924	1077.578
524.76	215.462	90.173	16.685	98.528	315.715	296.212	1079.634
569.408	226.537	95.846	17.331	99.846	330.369	318.539	1104.793
552.425	214.077	93.335	16.799	99.368	312.724	302.17	1058.838
574.058	230.234	90.233	16.421	95.821	311.767	298.088	1079.249
593.971	237.474	88.294	16.758	97.456	320.574	302.315	1094.155
617.835	260.14	93.667	17.156	100.873	328.907	311.595	1102.558
570.754	268.483	92.66	15.877	96.418	317.97	285.004	1094.334
572.13	266.678	93.701	15.695	98.108	312.508	282.161	1078.954
558.856	251.789	92.56	14.917	93.414	314.712	290.2	1070.746
554.289	256.693	92.265	15.047	92.346	310.996	278.344	1068.133
544.475	259.401	96.159	14.937	91.397	299.779	274.373	1021.144
575.634	252.856	99.088	15.756	90.383	306.442	279.466	1056.008
595.064	251.21	99.002	15.473	87.727	298.511	269.28	1021.411
650.205	253.138	100.636	15.174	90.907	310.279	282.296	1045.597
629.701	272.348	101.016	16.332	96.035	323.742	297.288	1094.545
652.988	275.559	100.035	16.442	97.019	327.34	292.483	1090.159
619.992	278.941	97.117	15.833	96.16	329.627	295.072	1090.308
627.136	281.058	96.48	16.131	94.58	330.014	288.111	1083.675
636.369	272.777	96.906	16.049	93.885	330.421	289.382	1063.305
652.294	280.511	97.321	15.785	93.173	325.246	283.18	1038.876
638.947	306.212	93.285	16.42	95.586	336.427	299.314	1058.568
618.075	313.527	93.264	16.652	94.89	332.623	294.863	1026.95
590.547	306.982	93.455	17.349	92.934	325.339	292.314	1019.539
561.265	300.23	94.754	17.113	92.898	325.415	293.866	1008.259
580.855	328.821	92.327	17.844	94.303	330.912	295.175	1033.845
572.917	319.622	90.216	17.392	95.346	324.087	291.896	1032.858
570.145	308.504	86.503	16.89	95.139	324.053	294.775	1002.029
522.468	312.13	88.012	17.004	93.044	311.916	284.88	966.479
491.363	300.73	91.269	16.821	89.366	310.066	273.056	947.37
431.489	277.966	89.238	16.121	92.706	310.512	269.623	943.066
464.667	276.613	88.997	16.313	93.367	308.483	259.766	926.295
444.584	294.461	91.067	16.66	89.731	305.098	257.805	891.178
458.944	291.081	90.018	16.546	90.266	301.898	260.004	867.814
444.252	280.934	88.445	15.763	87.431	300.757	269.798	827.53
366.982	246.52	83.048	14.576	81.572	275.271	250.86	786.944
395.357	249.82	81.806	15.095	80.469	278.979	232.757	831.836
410.568	251.706	81.966	15.121	79.603	284.329	245.189	852.427
366.362	262.819	83.51	15.505	78.765	281.466	235	874.967
377.187	270.439	85.343	15.563	81.335	299.267	257.331	906.412
404.18	257.148	86.908	15.247	81.909	288.845	248.169	862.886
379.994	258.353	85.675	14.71	79.354	281.043	238.163	824.951
399.593	259.698	85.325	14.61	77.909	281.276	241.321	831.768
345.827	255.953	83.391	14.067	72.694	264.411	225.275	789.817
288.271	263.591	83.771	14.085	67.785	258.625	217.96	800.048
318.779	270.911	81.363	13.961	68.197	257.324	214.678	766.647
285.723	262.011	83.219	13.468	71.135	249.511	209.818	752.343
296.847	274.922	83.001	14.624	69.14	265.777	230.112	824.147
338.558	266.904	80.076	14.584	69.904	264.752	232.061	826.882
363.27	277.026	82.158	13.913	73.691	271.285	239.918	830.633
359.793	268.291	82.845	14.412	76.564	274.912	243.422	847.538
342.413	273.645	85.929	14.542	78.424	278.952	248.774	847.934
364.354	273.062	88.935	14.574	80.409	289.253	257.317	876.664
362.057	275.86	90.781	14.585	82.642	296.169	264.195	881.508
355.02	265.032	92.6	14.87	84.123	284.928	254.743	850.619
358.458	259.843	94.373	14.681	80.614	284.909	251.052	846.109
409.612	264.553	94.356	14.601	81.67	281.502	250.136	829.664
390.427	269.065	96.095	14.4	81.337	290.006	255.992	834.38
402.94	270.665	95.039	14.457	84.169	296.963	259.174	852.219
437.466	269.733	94.578	15.115	86.843	299.526	269.261	869.893
410.805	266.373	95.322	14.898	87.533	301.223	280.293	858.343
362.639	255.525	92.732	14.828	86.739	283.229	271.167	833.194
378.975	256.153	91.686	14.705	81.826	284.22	257.147	792.925
367.993	260.82	92.734	14.802	82.247	284.052	252.329	786.882
354.095	274.811	90.54	14.585	81.883	287.21	249.065	766.601
361.677	275.188	93.174	14.634	79.118	290.668	256.693	785.739
363.539	282.349	92.977	14.384	75.397	292.622	250.364	785.903
376.542	290.998	89.275	13.584	77.631	279.616	251.966	772.678
396.326	278.146	87.963	13.975	77.563	264.211	243.677	781.431
407.168	268.668	90.555	14.345	77.019	270.682	257.331	823.011
408.689	266.911	87.953	14.21	78.13	273.069	256.612	815.607
440.266	266.534	89.669	13.975	80.132	280.644	267.202	822.847
428.575	275.73	82.575	13.87	79.619	288.186	277.318	818.3
466.6	300.974	82.685	13.73	80.1	296.339	287.295	839.073
460.48	326.378	81.163	13.059	80.84	302.596	288.188	856.607
496.634	320.267	82.737	13.673	82.958	310.838	292.151	861.267
513.229	317.202	82.257	13.948	86.261	317.829	286.226	865.089
498.041	339.628	85.395	14.188	86.675	323.217	291.256	890.341
505.056	349.35	85.172	14.928	88.484	323.197	292.181	876.747
502.638	360.731	88.452	15.252	90.064	340.449	303.806	893.412
531.014	360.937	92.362	15.692	93.454	342.063	308.671	930.799
526.205	358.465	93.806	16.405	92.024	346.454	318.293	938.164
506.748	374.373	97.685	16.573	90.88	347.909	320.731	934.578
506.306	384.042	100.289	16.353	89.278	334.286	315.946	926.492
524.591	397.545	101.532	16.266	89.409	325.084	310.068	926.364
517.304	357.693	104.301	17.266	89.329	324.869	307.045	929.587
534.732	338.402	102.437	17.701	87.815	323.14	307.315	923.623
539.205	360.122	104.9	17.058	89.424	334.662	317.491	922.973
510.186	354.089	107.856	18.063	85.826	328.474	315.159	931.836
522.844	365.789	109.097	17.202	86.385	326.425	312.035	916.129
538.907	396.668	110.048	17.951	88.091	333.364	318.357	931.109
555.854	408.327	116.06	18.662	87.831	323.229	314.589	943.335
582.649	409.187	120.029	18.914	88.5	318.664	310.78	942.938
621.539	410.75	123.682	19.604	88.225	323.016	314.265	966.32
623.531	412.149	122.434	18.744	90.699	328.627	315.234	955.014
622.938	413.155	118.948	18.122	93.629	337.843	321.2	976.565
583.374	422.167	124.175	18.812	93.66	334.502	314.41	942.12
644.866	458.614	130.757	19.458	98.733	334.883	312.637	958.145
663.101	482.75	136.743	21.268	100.852	343.992	326.742	975.375
658.902	508.415	141.115	21.545	99.886	348.424	325.704	986.045
648.666	466.936	135.749	20.667	99.614	342.419	321.85	970.866
653.029	406.84	139.938	21.769	98.911	347.018	329.889	984.029
664.659	434.714	142.985	21.631	99.472	346.19	327.457	994.747
664.008	421.054	139.125	21.576	104.743	358.613	336.532	995.271
666.417	408.431	136.928	20.625	104.651	361.362	334.944	972.412
684.319	431.54	143.332	21.984	107.631	370.423	341.388	995.557
712.216	433.856	147.308	22.56	108.55	385.706	352.303	1006.185
730.316	443.975	152.414	24.083	109.758	384.502	358.08	1007.184
761.163	458.229	158.344	24.095	110.666	394.252	372.948	1024.205
784.793	459.329	162.408	24.494	113.276	386.429	380.927	1028.967
813.51	461.107	171.348	26.642	117.531	391.238	388.117	1045.407
863.282	490.517	174.256	26.903	121.03	404.229	402.771	1064.006
834.595	480.635	168.529	25.227	118.334	404.304	398.663	1063.865
838.927	505.062	164.718	26.863	121.88	412.492	409.186	1075.402
766.149	490.198	162.186	25.25	118.456	401.511	393.183	1065.699
771.744	487.076	165.269	25.338	124.239	401.859	396.244	1059.526
807.404	510.181	171.087	26.288	128.392	415.224	419.099	1081.422
758.419	515.903	165.544	26.668	128.095	412.466	419.054	1075.757
794.332	532.765	160.12	26.822	129.034	402.593	400.594	1074.434
818.095	543.486	165.115	26.416	132.327	400.683	401.759	1083.097
767.324	537.969	159.806	25.257	126.365	396.122	392.727	1038.364
782.17	578.447	153.953	24.794	128.051	386.968	382.087	1052.712
757.542	569.385	158.362	23.941	123.561	381.846	380.257	1040.092
813.209	604.374	168.303	24.755	126.381	395.817	394.194	1061.765
803.703	625.254	170.12	25.463	126.098	395.677	400.547	1067.806
762.383	577.443	170.126	24.03	125.795	394.185	391.083	1057.971
743.192	535.17	170.85	23.192	123.192	395.888	388.056	1068.912
666.951	501.004	161.139	21.174	122.759	394.68	384.258	1044.57
624.971	486.758	161.614	21.9	121.626	393.654	386.381	1044.91
620.388	482.741	141.197	19.845	116.502	381.806	366.773	1028.238
597.958	508.949	140.299	21.069	118.252	384.801	367.398	1021.375
654.22	471.745	136.48	22.432	119.291	393.904	385.049	1051.379
653.437	457.438	139.436	21.554	120.657	393.25	381.192	1046.302
651.65	458.048	138.174	22.793	120.409	397.573	386.098	1064.344
655.956	488.859	135.791	20.715	121.423	400.211	384.927	1060.457
676.714	483.906	134.955	22.07	121.304	402.883	391.946	1068.611
702.378	452.232	138.168	22.379	122.731	398.995	387.531	1057.627
691.611	459.483	139.838	22.226	122.788	406.952	395.902	1039.083
750.131	481.407	139.311	21.922	124.307	400.217	389.591	1036.712
709.341	453.617	141.523	22.428	119.532	392.834	383.494	1027.337
742.883	432.073	144.27	22.374	117.234	390.59	374.633	1029.795
722.468	430.917	144.677	22.242	117.826	386.57	372.236	1011.99
735.21	447.093	141.664	21.235	117.978	380.003	367.245	995.386
797.752	445.048	141.068	21.616	118.632	387.499	376.391	1021.661
779.983	465.01	142.102	22.234	117.03	385.24	373.105	1035.077
786.646	473.972	144.922	22.701	117.396	394.762	381.871	1047.936
791.075	486.107	148.998	22.528	122.989	396.111	384.499	1047.977
832.37	493.155	155.297	23.566	122.184	398.695	385.098	1052.817
837.869	504.058	153.831	23.555	122.88	406.449	385.672	1038.99
881.726	524.085	158.765	23.913	126.122	409.873	390.974	1044.473
896.564	558.342	162.103	24.559	126.952	417.932	403.156	1059.338
863.886	527.135	159.865	23.696	126.813	418.133	403.276	1034.419
859.012	517.3	159.137	23.377	128.75	426.953	415.589	1037.65
868.718	530.311	161.263	23.325	129.341	435.395	425.098	1056.467
893.822	535.999	168.073	24.062	132.489	447.542	435.064	1088.45
918.086	531.208	170.386	24.847	134.409	455.453	435.606	1099.036
906.051	523.518	171.122	25.003	134.228	461.684	443.974	1109.64
949.197	501.112	173.167	25.422	137.292	468.228	458.173	1107.981
978.58	466.246	184.214	25.747	135.534	472.192	461.909	1115.807
949.91	426.025	179.427	24.733	135.94	474.653	459.702	1114.719
993.127	433.059	185.787	25.186	136.391	482.917	466.417	1128.004
1023.642	469.897	190.124	25.289	139.807	498.838	482.486	1135.425
1046.551	479.9	193.726	25.212	141.135	504.412	488.157	1138.922
975.685	478.318	187.889	23.774	138.421	490.295	469.02	1113.977
998.862	475.535	180.627	23.734	137.114	489.856	469.284	1104.805
974.746	460.367	179.731	23.883	139.61	485.377	459.658	1103.438
993.265	484.941	186.138	24.494	140.714	488.167	467.754	1102.109
1079.445	501.866	193.861	24.587	141.796	492.346	473.823	1115.731
1096.661	501.857	193.543	25.235	141.922	497.886	479.25	1122.737
1128.192	510.777	191.204	25.625	142.864	504.74	491.646	1126.164
1191.844	536.431	191.071	26.046	141.318	497.89	484.688	1125.575
1213.138	538.418	198.406	25.521	141.647	502.067	484.882	1135.086
1137.929	537.002	199.865	26.002	143.693	509.081	491.158	1134.258
1114.184	514.762	194.804	26.012	140.054	507.592	484.945	1117.222
1067.21	521.528	186.712	25.287	137.366	500.781	473.797	1100.541
1096.316	514.026	191.925	25.303	136.718	505.572	472.048	1109.27
1081.218	546.033	187.864	25.719	135.76	511.357	475.371	1118.964
1010.219	520.339	181.193	24.985	136.781	502.472	470.189	1091.681
1035.512	518.358	184.103	24.963	138.5	490.982	463.623	1090.544
1033.5	508.002	178.963	25.004	132.254	479.329	455.756	1075.117
1088.762	506.63	186.375	25.364	132.525	488.779	469.065	1103.22
1015.411	482.409	187.787	24.839	130.553	479.054	459.265	1091.197
1062.004	490.361	189.094	24.716	131.849	478.692	465.231	1121.413
1109.355	508.759	195.161	24.617	128.426	477.507	462.226	1127.523
1159.809	504.841	196.554	24.709	123.397	473.121	459.021	1133.851
1081.381	504.999	197.712	25.364	121.626	471.037	453.283	1130.794
1170.192	513.017	201.171	25.237	123.059	473.467	455.15	1140.196
1121.363	521.932	207.689	25.856	121.149	466.448	460.577	1130.739
1166.154	536.04	209.891	25.963	121.068	468.8	463.344	1122.569
1148.12	562.257	209.292	25.416	119.71	459.875	451.341	1129.248
1163.407	556.261	210.777	26.089	120.015	480.929	472.109	1155.416
1179.563	573.583	216.242	27.203	121.102	483.635	475.714	1156.4
1183.867	583.34	221.414	27.842	123.102	487.258	479.972	1171.789
1259.478	603.551	224.664	28.298	127.211	495.127	488.254	1164.647
1266.655	602.5	224.062	29.613	128.198	503.306	497.969	1165.155
1211.769	636.992	224.194	28.286	125.83	482.823	478.391	1147.976
1239.128	655.157	220.54	28.371	125.832	489.476	480.375	1142.55
1334.211	686.189	225.311	28.464	129.965	500.783	493.687	1151.106
1395.646	682.253	229.487	28.187	130.272	505.435	507.425	1160.528
1439.646	707.605	238.19	28.016	127.858	499.096	500.54	1157.287
1513.133	746.587	232.018	28.276	127.003	495.214	499.515	1144.788
1560.624	778.896	242.951	29.36	128.599	498.94	507.048	1156.807
1434.695	723.473	238.741	28.032	129.091	490.376	510.771	1123.611
1421.298	689.714	228.617	27.116	128.031	470.928	493.811	1109.209
1391.269	679.74	223.534	26.856	125.019	461.804	488.935	1110.402
1403.965	697.147	212.564	26.034	123.853	462.248	491.163	1111.854
1496.056	746.723	221.069	27.31	122.778	474.36	490.905	1152.199
1519.843	733.033	231.748	27.531	124.276	464.196	478.846	1162.446
1533.143	759.223	236.88	28.133	124.304	470.898	478.03	1174.839
1578.074	779.657	241.275	28.492	126.34	478.854	489.662	1196.84
1642.973	799.962	243.578	28.97	125.59	477.911	488.62	1196.168
1594.242	804.723	247.075	28.878	129.096	487.331	484.034	1187.706
1564.457	812.938	258.203	29.072	132.39	493.913	488.871	1202.355
1563.025	819.69	257.636	29.538	135.264	501.261	495.468	1199.21
1569.439	813.412	262.258	29.228	134.782	502.205	498.382	1186.309
1721.791	826.886	274.051	30.831	141.499	515.464	515.266	1205.041
1774.596	904.073	267.731	31.928	142.317	518.971	514.804	1217.348
1804.626	964.998	272.01	32.639	140.096	513.839	511.773	1215.961
1903.394	1009.116	280.971	33.343	140.188	524.967	520.548	1205.172
1857.783	948.794	276.058	32.944	138.969	517.635	522.611	1202.037
1874.107	977.913	286.274	33.498	146.561	521.269	526.11	1194.541
1986.146	1019.797	280.504	33.704	148.878	520.579	527.883	1217.709
1984.53	1053.86	284.74	34.748	150.377	532.29	544.191	1216.407
2021.438	1075.175	295.28	34.613	151.239	524.909	547.982	1218.537
1838.271	969.746	305.263	32.836	152.296	529.891	540.394	1201.073
1942.309	1031.421	309.698	34.206	161.561	552.06	558.245	1231.679
1895.333	1032.03	309.509	34.911	160.874	539.864	551.558	1228.688
1886.228	1043.629	317.688	35.489	163.425	545.965	556.475	1228.549
1961.399	1099.133	324.851	37.315	164.633	552.006	562.227	1236.529
1905.363	1114.343	309.937	36.996	163.566	535.115	540.594	1217.781
2031.984	1162.884	332.931	38.909	166.856	554.964	558.215	1238.852
2051.427	1164.516	328.728	37.179	167.119	560.351	574.495	1237.863
2162.533	1225.989	345.794	38.436	167.939	567.421	582.456	1240.096
2050.874	1215.2	341.304	38.723	168.018	580.241	592.457	1234.74
1845.924	1029.242	299.978	36.725	157.065	549.406	554.007	1192.249
1833.155	1088.463	293.981	34.802	159.818	543.298	550.352	1202.109
1814.059	1098.303	284.777	34.858	162.265	552.181	559.792	1214.593
1641.117	950.563	264.295	33.16	158.173	527.974	533.418	1186.492
1622.314	940.629	265.903	33.609	154.772	528.642	536.49	1184.728
1661.267	944.567	279.297	33.122	155.911	526.613	543.973	1174.538
1821.854	1064.957	286.242	35.575	160.139	530.944	548.567	1201.231
1804.491	1082.72	283.095	35.926	160.631	547.528	570.201	1202.29
1731.244	1033.684	286.458	35.08	156.737	534.167	554.594	1170.903
1733.163	1046.577	267.141	35.702	158.203	533.493	555.976	1175.858
1845.61	1099.067	283.433	36.643	162.52	546.27	576.016	1188.534
1883.769	1156.755	287.977	36.32	165.381	548.322	580.172	1205.341
1840.433	1181.663	298.111	37.443	164.453	550.35	579.803	1196.219
1878.412	1112.453	307.232	37.524	166.822	566.174	598.017	1221.296
1793.246	1156.655	309.709	36.873	165.508	567.91	593.132	1219.271
1865.983	1138.969	315.202	37.405	167.643	572.203	598.201	1228.159
1801.359	1111.479	320.277	37.47	166	565.498	588.51	1218.954
1784.032	1082.595	323.803	37.331	166.477	569.076	599.264	1239.695
1673.782	1029.183	330.516	38.488	169.553	571.254	611.117	1240.751
1790.816	1067.39	336.597	38.372	171.616	571.143	631.168	1261.145
1845.302	1075.904	338.028	38.73	171.819	579.292	641.322	1274.719
1918.29	1116.366	350.002	39.421	171.482	583.237	647.407	1284.265
1902.698	1115.623	350.011	40.393	172.954	581.976	652.146	1288.711
1945.169	1110.799	356.474	40.512	176.346	583.324	664.851	1310.27
1973.567	1117.782	364.915	41.953	175.118	592.723	674.212	1289.135
1999.828	1148.701	371.202	43.027	178.94	603.458	695.139	1300.149
1996.424	1133.741	372.545	44.829	178.197	611.468	700.968	1320.392
2026.078	1156.984	381.534	45.945	181.665	617.973	710.955	1327.055
2012.096	1215.166	384.705	45.278	185.292	623.31	704.394	1322.19
2116.949	1244.197	382.641	45.651	188.625	629.998	717.539	1328.319
2143.396	1231.629	379.708	46.866	190.104	629.529	724.104	1344.186
2127.16	1222.46	377.918	48.872	190.741	630.877	715.101	1336.445
2205.429	1250.283	390.636	52.063	193.32	633.049	714.408	1342.206
2081.318	1241.585	392.57	51.962	191.497	636.696	725.529	1337.39
2127.365	1158.584	396.053	49.406	195.12	627.553	710.898	1344.477
2156.637	1160.449	401.392	50.742	195.721	628.175	711.057	1346.76
2211.069	1188.263	404.114	50.067	194.607	639.959	725.297	1345.16
2266.147	1210.294	409.236	50.095	196.927	640.614	729.317	1366.269
2218.827	1192.731	413.316	51.624	201.709	641.734	743.188	1369.859
2281.44	1205.023	408.799	51.944	207.172	653.545	751.628	1377.501
2292.54	1214.938	386.073	52.43	207.025	644.55	744.042	1377.982
2080.932	1124.655	363.719	47.744	199.218	619.396	709.746	1327.76
2188.042	1149.278	364.112	47.856	198.504	620.339	713.606	1325.45
2125.735	1135.696	353.915	47.942	197.619	611.889	705.966	1316.857
2282.189	1194.301	381.136	50.059	203.876	641.181	740.844	1357.21
2325.915	1212.647	376.394	50.858	202.156	642.646	743.713	1345.194
2387.881	1219.444	374.521	52.166	207.762	659.418	768.544	1366.119
2450.098	1243.909	394.315	53.258	209.202	665.639	767.488	1369.412
2512.534	1219.329	413.837	53.515	215.761	674.496	770.114	1390.037
2479.03	1181.788	421.93	53.072	218.146	686.088	762.019	1412.399
2553.17	1191.143	428.455	54.325	217.146	681.382	748.914	1419.612
2580.922	1137.88	419.639	54.384	214.812	675.57	755.062	1409.139
2706.815	1153.023	441.189	56.698	218.311	683.763	772.61	1427.924
2690.985	1116.039	445.336	55.618	223.812	665.448	776.201	1423.038
2845.289	1141.143	453.201	56.672	228.53	667.73	789.894	1446.191
2694.652	1114.169	429.83	56.635	218.798	650.109	761.432	1408.036
2902.872	1189.249	437.55	59.239	226.208	653.456	769.42	1438.727
2858.512	1193.946	447.97	63.496	229.27	654.414	764.322	1438.19
2857.333	1202.42	453.119	62.541	232.543	645.694	764.84	1422.576
3010.1	1246.141	464.681	65.468	235.105	657.377	776.221	1441.631
3160.103	1304.067	475.71	67.932	237.778	666.099	788.907	1461.32
3171.01	1309.233	484.871	68.394	240.633	670.004	807.746	1467.371
2841.392	1227.33	470.399	66.815	229.223	626.998	767.042	1400.051
2881.676	1244.329	467.773	66.215	232.063	624.145	773.637	1390.647
2745.139	1193.398	456.002	63.553	225.24	630.228	784.798	1374.156
2445.151	1159.306	426.945	57.027	214.186	584.402	724.037	1331.574
2736.733	1174.162	434.209	68.231	222.047	619.945	750.121	1381.112
2859.504	1210.802	465.169	73.955	220.768	624.365	754.588	1376.873
2892.604	1192.424	476.496	74.36	217.663	621.344	752.976	1397.804
2972.163	1229.816	482.778	76.772	215.137	631.093	757.933	1402.268
3234.771	1284.324	520.801	81.518	218.409	648.898	788.271	1434.424
3430.595	1310.13	543.084	88.237	218.208	653.484	799.898	1447.769
3585.876	1354.554	563.965	90.308	227.237	660.491	804.544	1459.002
3621.749	1389.145	585.507	95.848	230.849	672.234	833.173	1470.742
3533.329	1361.218	554.878	99.693	231.512	656.752	860.916	1456.816
3807.657	1419.253	610.729	100.384	237.818	655.229	854.316	1433.403
3853.769	1446.931	639.667	100.61	238.828	660.697	884.369	1428.512
3936.144	1487.168	607.44	91.17	246.245	653.548	909.229	1396.549
3923.275	1436.872	632.824	85.984	243.141	649.518	892.597	1373.582
3602.48	1417.35	604.396	81.375	246.391	643.911	880.637	1341.422
3764.723	1470.128	622.256	88.877	242.497	659.946	894.574	1390.901
3962.188	1535.598	650.805	90.415	241.361	663.494	886.031	1426.523
3752.909	1506.689	659.729	83.036	235.076	656.271	876.131	1409.37
3793.192	1541.271	625.831	83.606	231.992	629.073	841.984	1383.446
3921.8	1537.96	666.137	83.795	235.063	647.068	864.191	1398.427
3666.008	1532.855	690.636	84.003	231.353	649.853	852.056	1371.138
3722.183	1554.738	687.834	82.982	227.947	638.378	834.059	1343.206
3350.456	1432.012	630.269	75.314	215.29	618.606	786.607	1261.026
3402.874	1365.335	598.018	73.224	205.671	584.624	748.086	1279.994
3661.376	1340.87	588.878	70.038	210.452	589.516	757.283	1304.908
3530.617	1262.579	559.559	69.66	200.004	560.559	722.739	1266.4
3683.177	1344.118	580.896	73.289	204.546	579.07	748.636	1278.403
3978.205	1402.766	549.261	71.127	199.292	579.32	748.375	1272.551
3957.881	1385.007	558.955	73.782	203.662	597.016	775.869	1296.189
3836.869	1345.14	495.893	66.974	202.268	580.952	755.253	1236.874
3813.742	1373.891	492.554	63.256	194.464	572.563	781.245	1247.72
3483.597	1296.882	463.689	57.968	189.767	537.934	769.579	1258.702
3625.243	1356.48	515.261	66.278	204.062	575.574	824.301	1257.448
3928.786	1364.546	481.989	69.287	210.197	595.783	830.851	1299.068
3892.442	1394.436	497.219	70.702	213.485	610.347	826.253	1292.376
4133.266	1426.555	522.261	68.445	214.993	607.744	835.451	1296.862
4107.816	1397.575	539.276	74.785	211.56	606.756	830.134	1318.563
4376.418	1393.481	549.152	76.479	209.324	604.046	826.811	1337.119
4332.734	1515.328	508.068	72.359	210.072	604.399	842.36	1328.291
4664.734	1618.319	517.845	74.616	206.591	609.801	851.594	1353.822
4587.215	1609.536	493.191	71.478	205.37	601.773	842.481	1326.628
4664.453	1612.992	485.793	70.614	200.425	585.534	813.724	1331.012
4493.398	1550.217	458.751	69.379	195.369	580.932	793.971	1338.941
4285.18	1524.28	441.702	62.963	187.83	546.165	765.333	1278.115
4192.32	1537.803	424.588	63.531	182.142	538.396	751.545	1282.34
4191.883	1498.585	401.724	61.173	171.011	529.134	735.275	1225.478
3883.466	1400.474	387.298	59.104	161.723	523.489	731.584	1203.398
3872.348	1380.355	390.027	63.215	164.135	513.754	720.215	1195.306
3814.308	1355.784	391.023	61.732	171.252	501.35	717.69	1201.015
3644.577	1227.78	416.043	63.002	167.654	513.431	711.903	1192.387
3730.299	1235.646	426.107	63.391	160.74	503.785	721.2	1207.12
3500.109	1094.334	444.132	59.014	150.945	508.947	699.979	1204.715
3314.739	1161.841	423.3	56.388	151.564	488.66	671.967	1230.555
3496.146	1081.561	410.644	55.143	149.221	470.05	647.577	1216.261
3450.248	1069.855	409.674	57.955	151.573	478.639	666.295	1237.797
3020.323	948.133	400.171	53.011	144.656	461.451	642.163	1175.134
2990.606	885.376	375.87	49.155	142.441	442.114	604.453	1184.601
2961.745	887.117	374.349	49.99	145.086	418.707	594.873	1145.779
2837.045	862.851	344.242	47.665	145.375	459.961	652.883	1148.82
2286.056	707.508	323.188	45.659	129.669	396.987	594.545	1055.034
1642.584	534.391	259.679	36.596	104.898	337.073	531.823	861.331
1740.581	436.38	244.576	36.315	112.921	315.583	487.549	893.772
1388.649	337.033	208.366	30.923	95.242	310.4	439.753	857.304
1794.102	528.039	238.648	35.405	101.611	307.161	438.912	902.099
1742.422	527.573	249.058	35.71	106.792	317.729	452.922	855.158
1616.499	420.297	227.055	36.294	103.209	295.233	422.931	860.259
1286.538	358.799	208.24	33.501	91.382	276.426	382.38	708.787
1625.396	430.769	213.186	36.937	99.2	299.482	438.76	837.624
1366.699	386.849	212.397	38.112	94.073	278.559	433.395	796.495
1691.163	429.404	234.95	40.38	100.659	300.921	469.53	824.008
1686.587	408.398	252.695	43.096	106.92	328.127	517.111	836.903
1585.349	404.81	226.879	39.576	108.204	309.245	489.315	820.998
1770.256	406.286	242.667	42.715	110.381	312.777	492.742	854.353
1824.419	408.189	231.396	40.025	109.429	327.61	500.089	862.134
1692.973	363.882	226.189	37.25	105.214	279.579	430.868	800.512
1639.284	328.845	207.865	35.38	99.713	264.389	402.989	784.268
1711.864	350.829	228.713	37.421	102.165	277.676	425.461	801.541
1930.803	344.738	226.277	39.927	103.002	272.558	415.333	803.095
1878.354	403.036	234.578	39.524	102.65	265.84	399.976	793.974
1660.49	331.169	209.435	37.048	93.977	249.135	380.039	741.095
1661.726	347.801	204.938	36.23	93.99	238.007	380.73	716.747
1619.218	352.688	190.684	35.677	90.394	201.511	335.661	650.864
1750.897	400.427	203.215	38.087	95.382	211.509	358.897	715.581
1848.237	430.085	213.073	38.685	102.914	239.609	405.412	746.872
1907.317	444.091	238.47	43.049	97.977	263.041	420.186	792.745
2064.143	466.216	247.577	43.577	104.455	265.831	430.275	793.908
2133.644	513.254	261.291	44.226	106.361	267.5	442.49	814.999
2108.907	508.382	266.762	46.186	107.063	277.168	451.771	823.219
2128.645	516.263	274.799	45.448	105.785	273.614	440.279	809.858
2172.683	513.048	274.737	45.843	107.598	294.324	461.986	830.83
2436.431	587.53	290.832	50.904	117.919	306.722	476.64	862.106
2326.539	573.935	298.175	49.397	115.306	304.285	469.414	848.517
2473.568	622.785	358.288	50.206	120.816	318.715	487.883	844.726
2657.736	664.775	375.381	53.229	122.708	327.771	506.06	862.586
2664.815	673.849	388.92	55.592	120.133	332.395	515.324	896.108
2718.981	669.734	388.77	56.47	120.574	337.252	525.363	899.177
2570.624	593.535	366.199	53.333	118.759	313.901	507.669	873.068
2570.181	562.232	372.193	55.814	120.172	307.715	521.715	875.157
2518.406	567.001	377.619	55.144	122.454	310.681	525.252	853.066
2358.888	484.476	334.177	53.404	118.554	296.745	514.349	839.454
2585.754	557.668	368.941	56.271	124.082	316.901	550.245	894.608
2728.315	608.188	389.635	59.728	125.493	336.571	576.543	929.192
2766.894	611.374	397.763	61.102	125.777	341.33	599.989	938.67
2917.65	646.37	386.772	60.034	128.498	350.623	606.45	948.689
2886.502	613.767	391.082	61.039	130.285	359.561	618.77	963.558
2931.309	636.469	382.92	58.306	133.382	351.838	607.448	958.183
2861.636	640.688	400.245	57.701	135.018	368.377	634.733	979.723
2847.214	619.543	394.108	59.24	133.723	360.733	616.059	954.282
3011.361	694.423	410.045	61.525	141.13	383.928	647.3	993.377
3141.84	724.738	424.564	62.114	147.161	400.951	679.066	1013.786
3121.778	712.494	425.821	60.152	144.691	388.974	673.872	999.233
3213.902	701.358	439.216	57.897	144.251	386.763	656.317	980.158
3445.874	789.202	442.981	61.961	152.598	402.153	683.78	1014.241
3590.534	806.767	462.491	63.239	154.534	418.164	695.444	1043.38
3544.31	836.814	447.549	65.607	152.741	412.394	698.395	1039.998
3310.598	752.633	417.834	62.966	146.277	389.351	683.116	1013.38
3509.523	761.558	426.946	64.09	150.054	388.29	677.414	1014.928
3531.94	800.137	451.859	66.063	151.095	398.112	694.424	1034.043
3573.077	807.895	454.497	65.814	149.292	390.994	694.861	1041.06
3597.272	771.797	443.629	62.362	149.793	378.784	689.696	1055.71
3661.063	793.084	462.736	66.917	149.887	392.998	708.777	1045.583
3641.473	754.692	460.294	65.078	144.81	379.207	672.163	1047.942
3451.505	782.226	447.614	62.208	142.274	374.461	659.138	1042.92
3531.471	805.571	466.101	63.537	146.775	381.531	675.309	1072.065
3624.512	795.317	468.478	64.808	146.838	383.54	672.394	1061.131
3728.639	813.011	480.349	66.377	151.997	390.97	683.564	1086.713
3589.094	857.486	483.55	64.683	146.007	396.262	679.375	1093.096
3370.288	820.084	460.084	61.782	137.641	370.149	628.533	1064.151
3226.363	814.329	443.606	59.211	131.817	347.51	588.312	1033.099
3085.146	777.034	423.459	57.911	120.571	340.221	547.019	1012.688
3252.392	754.257	437.086	59.913	122.474	331.417	545.124	1027.519
3417.364	785.817	440.443	58.633	125.871	341.532	561.871	1054.815
3368.944	771.639	449.452	60.509	123.907	325.086	531.679	1050.627
3543.437	827.428	470.881	61.818	130.149	342.157	568.518	1069.548
3595.868	840.323	476.048	63.373	131.754	355.267	586.991	1095.761
3508.225	831.976	486.163	63.76	131.406	356.485	583.154	1109.941
3454.768	819.764	490.866	62.709	130.03	353.233	571.29	1109.37
3675.187	871.896	495.241	65.001	132.97	361.059	577.81	1121.679
3686.38	879.842	509.086	67.038	132.954	350.34	570.637	1129.728
3618.398	886.596	500.225	64.889	131.864	367.373	604.978	1153.702
3598.054	866.385	500.709	63.42	125.898	346.393	556.142	1151.092
3557.718	842.24	499.76	63.409	119.36	331.536	533.377	1149.201
3108.374	725.983	462.022	59.003	101.382	286.209	455.996	1073.35
3225.595	768.74	473.356	60.08	106.019	303.095	483.705	1101.138
2936.957	699.091	438.038	56.956	103.671	275.39	442.954	1018.86
3079.07	732.595	457.385	59.092	105.992	277.742	441.769	1049.377
3057.996	728.131	456.861	58.739	102.353	274.415	436.792	1049.489
3186.509	722.565	455.413	58.758	105.097	270.34	429.496	1033.686
3274.294	751.869	475.097	60.437	111.622	292.885	467.604	1061.853
3245.803	730.797	475.501	61.452	107.682	282.883	457.592	1021.091
3114.414	703.389	466.288	58.745	108.456	271.763	444.798	976.86
3248.898	728.87	475.794	60.719	112.041	295.025	499.728	1017.78
3147.261	742.474	478.722	59.784	112.076	303.641	511.682	1042.559
3380.619	776.372	480.828	62.213	112.613	307.193	518.508	1040.065
3442.515	786.207	479.648	62.425	116.377	318.12	546.528	1046.691
3469.354	806.87	488.227	63.755	119.082	323.696	558.07	1070.469
3347.074	768.104	481.844	61.781	113.24	305.9	519.723	1030.471
3369.615	762.792	489.966	62.186	113.739	300.083	513.613	1023.47
3335.867	755.685	474.469	60.577	114.047	292.148	496.91	996.492
3459.464	783.293	484.34	62.415	115.556	304.345	526.834	1037.274
3451.496	791.032	499.282	62.785	115.781	308.66	531.78	1050.394
3474.846	777.17	526.935	64.669	118.731	314.345	547.298	1070.409
3530.958	789.322	545.11	65.069	123.656	313.688	544.018	1071.269
3722.383	812.348	565.871	65.911	128.512	324.908	557.919	1087.338
3760.85	834.423	564.516	67.458	133.909	335.149	581.309	1102.935
3837.841	833.867	565.759	70.423	135.012	345.012	593.14	1118.146
3656.911	850.587	559.416	69.455	136.155	350.885	591.031	1124.209
3710.805	839.57	556.635	68.431	138.035	346.332	578.426	1128.917
3860.968	855.844	585.076	72.746	136.697	354.435	580.662	1164.563
3667.672	852.694	557.893	70.534	131.134	332.277	531.476	1158.369
3686.312	846.211	531.527	68.501	133.182	330.651	539.706	1142.322
3547.759	843.681	510.192	66.749	124.018	310.686	496.502	1144.729
3690.762	897.785	540.049	67.874	128.032	307.758	500.529	1166.286
3566.499	906.308	528.792	66.861	130.573	314.178	512.177	1176.831
3576.197	919.51	534.219	65.53	126.342	313.047	501.998	1186.378
3643.799	932.74	542.291	65.507	127.418	316.464	501.405	1199.956
3761.353	931.99	559.416	66.312	125.362	312.799	496.728	1201.294
3738.902	925.885	530.661	67.92	118.829	314.51	480.361	1216.015
3794.862	978.15	507.574	68.963	125.49	330.868	527.971	1226.243
3710.642	976.652	510.175	66.986	130.977	339.363	545.439	1222.539
3583.461	976.277	488.908	66.164	130.36	355.691	569.417	1241.248
3537.479	1015.482	480.549	66.977	132.73	355.828	566.365	1248.449
3573.843	991.101	470.277	63.324	133.315	357.597	558.789	1262.464
3697.244	973.242	488.384	66.16	135.142	364.763	576.544	1280.522
3669.167	1014.164	474.101	63.705	135.133	351.548	559.315	1246.906
3766.172	1052.491	498.83	66.75	135.948	359.682	559.639	1270.723
3633.784	1011.872	488.728	65.995	134.809	354.117	546.192	1235.77
3611.543	1043.216	483.47	63.807	137.043	344.565	550.093	1215.867
3710.618	1081.602	513.396	66.887	137.48	363.077	578.983	1250.1
3881.925	1105.479	530.501	69.13	137.899	359.438	566.238	1266.63
3923.117	1129.169	538.509	70.851	141.225	369.587	585.872	1274.3
3805.866	1073.829	530.977	70.222	137.811	367.91	579.768	1256.601
3858.918	1095.261	535.254	71.126	137.604	369.875	581.218	1278.772
3792.006	1086.365	524.523	69.072	141.512	386.767	608.673	1300.827
3625.937	1026.922	501.335	67.336	140.689	370.607	585.673	1276.503
3472.44	981.846	500.548	67.69	137.129	360.53	559.682	1289.834
3491.655	963.366	493.76	67.699	135.846	358.666	556.376	1284.73
3610.361	987.222	491.232	67.412	136.485	340.556	541.173	1268.248
3646.25	985.742	498.325	66.799	138.317	349.57	557.879	1256.518
3526.713	1017.415	497.027	64.594	130.959	346.51	552.685	1233.176
3459.373	985.389	483.4	62.694	129.997	328.895	526.968	1211.427
3472.98	974.892	489.656	64.971	124.336	322.477	529.188	1227.53
3693.352	1022.876	508.695	65.781	133.221	342.267	565.215	1263.125
3573.737	1027.957	513.734	67.172	128.564	331.59	551.48	1294.715
3444.238	1015.926	504.091	64.733	119.181	309.105	511.659	1251.963
3527.903	1036.757	509.532	65.959	128.276	327.735	544.407	1285.637
3473.244	1027.463	495.524	65.222	125.981	311.291	518.951	1244.77
3075.308	929.368	465.858	60.56	113.831	269.316	462.196	1147.698
3009.946	834.234	446.139	56.675	113.846	256.544	442.41	1121.956
2986.774	823.319	422.171	55.817	112.145	252.859	450.197	1090.685
3002.611	835.245	409.366	55.802	112.026	253.281	449.333	1107.752
3137.107	858.483	440.017	58.359	117.64	264.068	470.513	1151.913
3019.842	831.815	434.913	56.859	108.501	244.682	435.425	1134.83
3036.969	811.383	431.628	55.23	111.196	239.342	434.333	1157.045
2602.986	682.401	395.17	48.932	101.761	213.915	396.677	1080.153
2626.1	694.55	405.11	48.895	103.621	241.31	442.881	1107.784
2695.453	690.417	398.821	48.962	104.606	242.016	441.204	1112.327
2907.798	761.896	420.478	51.928	110.547	257.103	461.447	1149.475
2839.54	769.276	404.647	50.056	109.312	255.267	442.578	1160.112
3159.393	858.295	441.136	56.941	110.604	284.605	492.908	1226.649
3045.762	820.5	432.364	56.899	104.475	257.869	449.087	1204.451
3052.255	824.172	414.406	55.073	101.684	246.158	421.8	1183.57
2908.732	799.695	382.541	53.104	97.289	245.221	417.353	1161.344
2669.69	753.034	360.592	50.535	90.872	221.785	384.857	1109.337
